3637540459146593639
8408462746465814643
7085667360092755018
4403210617761594573
4735287597372359154
5863405774403133766
5598299758207699028
1265737887833844200
3698059312838348662
9213452462225977955
7739444318744069321
5880381755862834482
8972265950320376369
4858364911224084826
8222907814687453445
7449943748619623145
8755996796820241835
1772859811600523462
3217969343240545364
4221553402872601986
8952519704484771105
2459557416663707783
7012056933599725630
4903203918600206561
8594661397722595902
2622143824281479831
3265522692323464043
4059247791661032504
3046822245052924652
3231502274095875835
5429246943789157692
4054224669982137112
7514898205583079682
4450190830532737859
8486685203742449322
5912924844580054313
2592315525301202949
4123157012703528852
2547815149176165822
1564349256147397113
1162839756840941224
9082730967853383829
3534288538778199281
2713150456790539759
2254309591964746985
1157301728575949541
6872070613096286923
484496931781673543
2214184572089668127
6055730836111072936
7007317094158681444
4798091009567521651
1887609999001301342
5287931004649680739
1455513856370929252
8208392001627320478
3265522692323464043
667115427753482668
5477688518344384784
3612704719109193267
3312070182463849808
4174275400511963925
4895839551706169711
9151692241678574778
6897323351586743797
6897264049164692506
8054506481761041699
6860447488451418360
6150885429070952211
7655507935337703246
5992489245155718706
2113415612277639801
3032432986819598900
5839060364657826638
4710246705995992011
5036946905852570284
4348667074776660523
4158980395689273941
4007677781499505776
5520015681797953339
6230166267432544723
2812719721784283827
5735303219263700208
6419317434988981071
3201578836963504457
5784510510166126158
6829339210727042160
6315764292807329162
4910901177718018888
8092438381656012476
1026336552168435224
5471409945428688556
7155189892534152078
1750143901893768749
7631336258483340098
4025974194735347908
7054693805259195085
6325257491663920767
8698112750990877908
1877400927864048862
